19
2077649278811148299629990130790497978399974693652401690797312244381
2788502654934314115214901056869862215023259562288282318173443845537555504066971990229791673629864620577714101111120681089
9227465
79757008057644623350300078764807923712509139103039448418553259155159833079730688
3631938672408255859550518752770954506578238315485816563618848933573305722729383091461442690
648473825618649048121038413079524682351409714485519861708388359345126257210057
1832087753950730891324915850521895146437343297309395832874560384687781613885606813430190881261352114608882389835267010608510300397397644581844139767909548047805291930967610316614686082875995101152
9497596137630935307081104630124632162577476599551651898156068247720404312895003606479134932982917016875736206906978166376643856244066400517428526354559727342456358304493975479454590616
20341574322680408081083829243820203612317308197211964554628215486203974898255803242740333222721700974747
2542592393026885507715496646813780220945054040571721231
298611126818977066918552
13380115429233940095604389734410310117100995067992702323161470502791037473665635425809
10108265416152526419683994794618270268165872518704428380856874159529924875319101159659894110659650591571332238987107046525767189192225493851401061174799065698263103347
39043184998122354968635474677330498542864661988399598709411830703425204209650825540787157763668286722
247409904738736056360531950204272194467455305702693665155191284116520387970821525665002988000629206259302085539829969039201607330980012683779731383105758186959255976132897
22698374052006863956975682
15617701486882918434518048526595286423497607684326395142504000948882177316400502530447779058303460208548267197100828187064609006236386
102216385354134324778078911974689347564945335253989394162085272183728832930964492342791374522266860485
3807901929474025356630904134051